0000000069 2023-04-22_13:54:43 0011001111 可口可乐 经典可乐 2 330 24 25.00 120
0000000068 2023-04-22_11:56:28 0010001311 青岛啤酒 原味 3 200 11 120.00 99999
0000000067 2023-04-22_11:55:23 0010001211 青岛啤酒 原味 2 120 11 300.00 5000
0000000066 2023-04-22_11:54:46 0010001111 青岛啤酒 原味 1 100 12 300.00 77777
0000000065 2023-04-22_11:52:47 0009001211 冰红茶 原味 2 120 12 222.00 77777
0000000064 2023-04-22_11:52:06 0009001111 冰红茶 原味 1 100 120 11.00 111
0000000063 2023-04-22_11:49:45 0008004111 汇源果汁 白桃 3 111 11 111.00 8888
0000000062 2023-04-22_11:48:54 0008003111 汇源果汁 葡萄 2 111 11 222.00 33333
0000000061 2023-04-22_11:48:10 0008002111 汇源果汁 柠檬 2 100 12 200.00 77777
0000000060 2023-04-22_11:47:03 0008001111 汇源果汁 原味 1 122 12 200.00 99999
0000000059 2023-04-22_11:45:29 0007001311 雪花 原味 2 213 12 100.00 77777
0000000058 2023-04-22_11:43:57 0007001211 雪花 原味 3 100 12 200.00 88888
0000000057 2023-04-22_11:43:10 0007001111 雪花 原味 1 200 11 300.00 77777
0000000056 2023-04-22_11:42:13 0006001211 舍得 原味 3 100 11 120.00 8888
0000000055 2023-04-22_11:41:28 0006002111 舍得 酱香 2 111 22 200.00 88888
0000000054 2023-04-22_11:40:28 0006001111 舍得 原味 1 111 11 111.00 88888
0000000053 2023-04-22_11:38:17 0005002211 五粮液 酱香 3 131 11 200.00 7777
0000000052 2023-04-22_11:36:25 0005002111 五粮液 酱香 2 111 11 222.00 99998
0000000051 2023-04-22_11:35:16 0005001111 五粮液 原味 1 100 10 222.00 22222
0000000050 2023-04-22_11:34:12 0004002211 茅台 酱香 3 100 10 121.00 99999
0000000049 2023-04-22_11:33:23 0004002111 茅台 酱香 2 100 12 300.00 9999
0000000048 2023-04-22_11:32:44 0004001211 茅台 原味 2 100 12 200.00 9999
0000000047 2023-04-22_11:31:58 0004001111 茅台 原味 1 100 12 300.00 90000
0000000046 2023-04-22_11:29:51 0003003111 剑南春 浓郁 2 100 12 200.00 90000
0000000045 2023-04-22_11:28:33 0003002111 剑南春 酱香 3 200 16 400.00 9000
0000000044 2023-04-22_11:26:49 0003001111 剑南春 原味 1 100 16 400.00 8000
0000000043 2023-04-22_11:25:05 0002003111 元气森林 白桃 2 100 12 300.00 500
0000000042 2023-04-22_11:22:59 0002002111 元气森林 葡萄 2 100 12 220.00 7000
0000000041 2023-04-22_11:20:31 0002001111 元气森林 柠檬 1 100 12 220.00 6000
0000000040 2023-04-22_11:15:23 0001003111 农夫山泉 葡萄味 3 300 20 120.00 4000
0000000039 2023-04-22_11:10:51 0001002111 农夫山泉 原味 2 200 11 110.00 210
0000000038 2023-04-22_11:05:17 0001001111 农夫山泉 柠檬 1 100 10 100.00 3000
0000000037 2023-04-22_08:52:33 0001001211 可口可乐 经典可乐 2 330 24 60.00 120
0000000036 2023-04-22_08:50:20 0005002111 康师傅 原味冰红茶 1 500 24 45.00 100
0000000035 2023-04-22_08:49:30 0005001111 康师傅 原味绿茶 1 500 24 48.00 100
0000000034 2023-04-22_08:47:36 0004003111 统一 原味冰红茶 1 500 24 45.00 100
0000000033 2023-04-22_08:46:49 0004002111 统一 原味阿萨姆奶茶 1 380 12 40.00 100
0000000032 2023-04-22_08:46:03 0004001111 统一 原味绿茶 1 500 24 50.00 100
0000000031 2023-04-22_08:41:49 0003001111 红牛 能量饮料 2 250 24 140.00 100
0000000030 2023-04-22_08:40:43 0002001111 百事可乐 经典可乐 2 330 24 55.00 100
0000000029 2023-04-22_08:40:09 0001001211 可口可乐 经典可乐 2 330 24 60.00 100
0000000028 2023-04-22_08:39:05 0007002111 蒙牛 纯牛奶 3 250 12 25.00 100
0000000027 2023-04-22_08:37:59 0007001112 蒙牛 原味酸奶 3 250 24 75.00 100
0000000026 2023-04-22_08:37:27 0007001111 蒙牛 原味酸奶 3 250 12 38.00 100
0000000025 2023-04-22_02:10:14 0006001111 舍得 浓香型 1 500 2 800.00 15
0000000024 2023-04-22_02:07:56 0005002112 茅台 飞天茅台 1 500 6 7500.00 10
0000000023 2023-04-22_02:07:23 0005001112 茅台 生肖纪念酒 1 500 6 12000.00 10
0000000022 2023-04-22_02:06:24 0005002111 茅台 飞天茅台 1 500 2 5000.00 10
0000000021 2023-04-22_01:50:02 0005001111 茅台 生肖纪念酒 1 500 2 10000.00 10
0000000020 2023-04-22_01:49:14 0004001121 雪花啤酒 纯生啤酒 1 600 9 35.00 120
0000000019 2023-04-22_01:48:12 0004001111 雪花啤酒 纯生啤酒 1 330 24 40.00 1200
0000000018 2023-04-22_01:45:50 0003001121 青岛啤酒 纯生啤酒 1 600 9 40.00 120
0000000017 2023-04-22_01:43:28 0003001113 汇源果汁 橙汁 1 2500 12 150.00 100
0000000016 2023-04-22_01:42:59 0003001112 汇源果汁 橙汁 1 2500 6 80.00 130
0000000015 2023-04-22_01:37:27 0002002122 农夫山泉 茶Π 1 550 24 60.00 100
0000000014 2023-04-22_01:34:54 0002002112 农夫山泉 茶Π 1 350 24 45.00 100
0000000013 2023-04-22_01:27:55 0002001112 农夫山泉 天然水 1 380 24 30.00 50
0000000012 2023-04-22_01:27:27 0003001111 青岛啤酒 纯生啤酒 1 330 24 40.00 100
0000000011 2023-04-22_01:24:16 0002002121 农夫山泉 茶Π 1 550 12 30.00 50
0000000010 2023-04-22_01:21:34 0002001122 农夫山泉 天然水 1 550 24 40.00 100
0000000009 2023-04-22_01:21:02 0003001111 汇源果汁 橙汁 1 2500 4 60.00 100
0000000008 2023-04-22_01:19:07 0002001121 农夫山泉 天然水 1 550 12 20.00 100
0000000007 2023-04-22_01:18:42 0002002111 农夫山泉 茶Π 1 350 12 25.00 120
0000000006 2023-04-22_01:17:24 0002001111 农夫山泉 天然水 1 380 12 15.00 120
0000000005 2023-04-22_00:28:28 0001001111 可口可乐 经典可乐 1 500 24 50.00 1200
0000000004 2023-04-21_22:51:19 0001002111 农夫山泉 东方树叶 1 480 24 30.00 120
0000000003 2023-04-21_22:44:49 0003001111 统一 冰红茶 1 480 24 20.00 120
0000000002 2023-04-21_22:38:41 0002001111 康师傅 冰红茶 1 500 24 25.00 1200
0000000001 2023-04-21_22:36:40 0001001111 农夫山泉 天然水 1 380 12 20.00 120
