0000000035 2023-04-22_14:00:19 00000033 0011001111 可口可乐 经典可乐 2 330 24 25.00 10 0 1.00 0 0 无 0 1.00 0 0 无 0 1.00 0 0 无 0
0000000034 2023-04-22_12:23:51 00000032 0008004111 汇源果汁 白桃 3 111 11 777.00 10 0 1.00 0 0 无 0 1.00 0 0 无 0 1.00 0 0 无 0
0000000033 2023-04-22_12:23:25 00000032 0009001211 冰红茶 原味 2 120 12 555.00 23 0 1.00 0 0 无 0 1.00 0 0 无 0 1.00 0 0 无 0
0000000032 2023-04-22_12:23:12 00000032 0010001211 青岛啤酒 原味 2 120 11 556.00 45 0 1.00 0 0 无 0 1.00 0 0 无 0 1.00 0 0 无 0
0000000031 2023-04-22_12:23:00 00000032 0010001311 青岛啤酒 原味 3 200 11 540.00 23 0 1.00 0 0 无 0 1.00 0 0 无 0 1.00 0 0 无 0
0000000030 2023-04-22_12:22:30 00000032 0001002111 农夫山泉 原味 2 200 11 310.00 23 1 0.90 0 0 会员等级折扣 0 1.00 0 0 无 0 1.00 0 0 无 1
0000000029 2023-04-22_12:22:12 00000032 0001003111 农夫山泉 葡萄味 3 300 20 140.00 12 1 0.90 0 0 会员等级折扣 0 1.00 0 0 无 0 1.00 0 0 无 1
0000000028 2023-04-22_12:21:40 00000032 0002001111 元气森林 柠檬 1 100 12 400.00 32 1 0.90 0 0 会员等级折扣 0 1.00 0 0 无 0 1.00 0 0 无 1
0000000027 2023-04-22_12:21:03 00000032 0004002211 茅台 酱香 3 100 10 500.00 20 1 0.90 0 0 会员等级折扣 0 1.00 0 0 无 0 1.00 0 0 无 1
0000000026 2023-04-22_12:20:42 00000032 0005002111 五粮液 酱香 2 111 11 600.00 30 1 0.90 0 0 会员等级折扣 0 1.00 0 0 无 0 1.00 0 0 无 1
0000000025 2023-04-22_12:20:18 00000032 0005002211 五粮液 酱香 3 131 11 800.00 30 1 0.90 0 0 会员等级折扣 0 1.00 0 0 无 0 1.00 0 0 无 1
0000000024 2023-04-22_12:19:57 00000032 0006001111 舍得 原味 1 111 11 600.00 20 1 0.90 0 0 会员等级折扣 0 1.00 0 0 无 0 1.00 0 0 无 1
0000000023 2023-04-22_12:19:35 00000032 0006001211 舍得 原味 3 100 11 600.00 20 1 0.90 0 0 会员等级折扣 0 1.00 0 0 无 0 1.00 0 0 无 1
0000000022 2023-04-22_12:19:16 00000032 0007001111 雪花 原味 1 200 11 666.00 20 1 0.90 0 0 会员等级折扣 0 1.00 0 0 无 0 1.00 0 0 无 1
0000000021 2023-04-22_12:18:55 00000032 0007001311 雪花 原味 2 213 12 780.00 30 1 0.90 0 0 会员等级折扣 0 1.00 0 0 无 0 1.00 0 0 无 4
0000000020 2023-04-22_12:18:37 00000032 0008002111 汇源果汁 柠檬 2 100 12 555.00 11 1 0.90 0 0 会员等级折扣 0 1.00 0 0 无 0 1.00 0 0 无 1
0000000019 2023-04-22_12:18:13 00000032 0008004111 汇源果汁 白桃 3 111 11 777.00 30 1 0.90 0 0 会员等级折扣 0 1.00 0 0 无 0 1.00 0 0 无 1
0000000018 2023-04-22_12:17:56 00000032 0009001111 冰红茶 原味 1 100 120 500.00 20 1 0.90 0 0 会员等级折扣 0 1.00 0 0 无 0 1.00 0 0 无 1
0000000017 2023-04-22_12:17:33 00000032 0010001311 青岛啤酒 原味 3 200 11 540.00 20 1 0.90 0 0 会员等级折扣 0 1.00 0 0 无 0 1.00 0 0 无 4
0000000016 2023-04-22_12:17:13 00000032 0001001111 农夫山泉 柠檬 1 100 10 200.00 16 1 0.90 0 0 会员等级折扣 0 1.00 0 0 无 0 1.00 0 0 无 1
0000000015 2023-04-22_12:16:55 00000032 0003001111 剑南春 原味 1 100 16 900.00 10 1 0.90 0 0 会员等级折扣 0 1.00 0 0 无 0 1.00 0 0 无 4
0000000014 2023-04-22_12:11:23 00000031 0003001111 剑南春 原味 1 100 16 900.00 10 1 0.95 0 0 会员等级折扣 0 1.00 0 0 无 0 1.00 0 0 无 1
0000000013 2023-04-22_12:10:59 00000031 0006001211 舍得 原味 3 100 11 600.00 11 1 0.95 0 0 会员等级折扣 0 1.00 0 0 无 0 1.00 0 0 无 1
0000000012 2023-04-22_12:10:33 00000031 0007001111 雪花 原味 1 200 11 666.00 10 1 0.95 0 0 会员等级折扣 0 1.00 0 0 无 0 1.00 0 0 无 1
0000000011 2023-04-22_12:10:10 00000031 0008003111 汇源果汁 葡萄 2 111 11 777.00 10 1 0.95 0 0 会员等级折扣 0 1.00 0 0 无 0 1.00 0 0 无 1
0000000010 2023-04-22_12:09:42 00000031 0008004111 汇源果汁 白桃 3 111 11 777.00 13 1 0.95 0 0 会员等级折扣 0 1.00 0 0 无 0 1.00 0 0 无 1
0000000009 2023-04-22_12:09:14 00000031 0009001211 冰红茶 原味 2 120 12 555.00 13 1 0.95 0 0 会员等级折扣 0 1.00 0 0 无 0 1.00 0 0 无 1
0000000008 2023-04-22_12:08:02 00000031 0010001311 青岛啤酒 原味 3 200 11 540.00 20 1 0.95 0 0 会员等级折扣 0 1.00 0 0 无 0 1.00 0 0 无 1
0000000007 2023-04-22_12:07:46 00000031 0003001111 剑南春 原味 1 100 16 900.00 12 1 0.95 0 0 会员等级折扣 0 1.00 0 0 无 0 1.00 0 0 无 1
0000000006 2023-04-22_12:07:29 00000031 0001001111 农夫山泉 柠檬 1 100 10 200.00 17 1 0.95 0 0 会员等级折扣 0 1.00 0 0 无 0 1.00 0 0 无 1
0000000005 2023-04-22_12:07:05 00000031 0001002111 农夫山泉 原味 2 200 11 310.00 12 1 0.95 0 0 会员等级折扣 0 1.00 0 0 无 0 1.00 0 0 无 1
0000000003 2023-04-22_14:04:10 00000031 0003001111 剑南春 原味 1 100 16 900.00 10 1 0.90 0 0 会员等级折扣 0 1.00 0 0 无 2 1.00 2 0 qw 1
0000000002 2023-04-22_14:03:22 00000031 0001001111 农夫山泉 柠檬 1 100 10 200.00 20 1 0.90 0 0 会员等级折扣 0 1.00 0 0 无 1 0.95 0 0 wqwq 2
0000000001 2023-04-22_14:04:10 00000031 0001002111 农夫山泉 原味 2 200 11 310.00 12 1 0.90 0 0 会员等级折扣 0 1.00 0 0 无 0 1.00 0 0 无 5
